3 78 1 58 99 100 5 90 2 22 60 50 66 74 20 99 9 88 11 12 63 86 97 44 84 75 51 77 75 66
65 84 49 98 51 39 3 62 70 46 81 26 19 19 49 95 96 100 52 62 44 66 42 23 75 1 19 83 96 69
45 79 38 55 90 69 50 30 84 86 62 5 51 100 81 9 36 48 17 36 92 21 92 90 91 94 32 20 47 26
6 79 83 80 90 43 26 94 81 19 71 76 40 82 30 10 28 100 28 6 61 88 88 69 51 43 65 54 23 50
56 81 42 52 66 23 47 89 4 71 4 8 69 27 51 21 95 92 94 45 10 93 67 32 66 28 27 77 7 36
80 56 80 92 92 94 61 33 36 93 4 95 77 5 54 60 10 8 71 53 67 83 97 78 98 76 22 58 20 78
15 87 14 34 9 88 54 9 49 15 94 53 8 43 10 10 65 61 97 74 92 40 60 56 48 32 9 82 13 22
62 38 58 24 62 97 51 46 17 64 90 27 89 6 26 56 69 70 99 85 100 96 17 47 11 4 22 71 81 62
82 5 2 83 18 10 42 23 71 41 32 20 97 84 84 11 93 3 36 82 91 9 27 84 95 93 35 35 58 81
23 87 70 31 13 57 31 88 45 37 51 68 4 27 24 31 32 39 54 64 75 63 58 56 32 31 45 73 74 92
83 85 96 93 79 25 44 42 43 29 20 89 74 98 47 49 68 76 100 95 32 42 78 79 61 38 76 89 2 79
46 96 64 38 43 50 49 72 91 13 56 65 32 54 62 20 62 72 21 21 33 59 98 67 75 59 54 98 34 68
96 66 86 30 56 34 32 80 30 4 37 40 94 36 60 55 67 43 10 49 69 59 16 40 78 15 73 20 52 70
52 1 15 11 58 3 54 54 97 84 59 30 50 16 97 70 39 63 79 22 73 2 14 60 30 100 93 34 71 39
44 27 95 36 28 74 38 9 28 74 82 29 28 78 15 48 68 95 77 52 50 32 17 51 85 60 85 57 51 52
59 87 15 78 76 80 91 19 71 95 71 30 70 100 19 39 21 96 93 25 90 60 70 25 25 87 68 87 41 73
94 51 76 15 69 3 48 95 12 6 76 59 10 37 63 7 30 11 14 15 26 47 17 100 28 67 92 44 83 36
27 49 43 10 29 40 9 57 5 58 75 77 8 4 2 23 99 87 94 84 99 8 96 93 65 18 25 72 30 71
34 3 7 18 68 50 96 93 3 59 83 64 43 70 18 23 9 52 69 21 66 96 40 67 61 76 86 19 64 75
89 90 86 5 45 19 8 15 26 90 54 25 6 82 83 50 16 49 21 4 7 85 5 51 46 51 45 75 60 4
48 68 94 58 58 58 76 25 88 37 40 56 28 42 99 28 24 34 50 47 59 30 24 88 65 29 39 59 64 76
85 55 16 68 51 52 62 95 72 89 72 10 88 28 33 5 52 38 46 35 36 47 83 74 86 34 82 12 35 6
67 68 50 68 66 30 62 86 88 60 99 28 90 10 45 15 24 37 49 64 25 27 69 24 91 11 47 19 86 97
12 69 6 27 27 21 74 98 46 68 2 58 100 18 70 38 47 5 17 20 97 89 11 32 84 9 42 67 4 49
91 90 94 16 39 69 60 32 50 20 87 96 61 92 50 92 45 13 16 63 67 68 4 61 35 83 3 5 32 19
94 15 59 48 53 29 36 77 82 59 17 100 85 79 34 14 64 5 18 27 24 14 7 72 38 64 51 21 90 87
24 44 61 15 55 59 58 10 81 97 10 2 88 75 77 80 96 21 69 58 95 100 85 96 68 10 39 35 47 46
87 64 72 2 54 3 4 52 59 57 64 18 33 86 19 58 70 92 23 53 94 32 23 1 20 83 78 90 73 6
97 45 56 97 4 14 41 84 85 38 16 9 62 33 77 54 92 20 80 22 7 36 69 1 53 9 38 51 35 34
51 59 54 36 66 27 69 87 39 79 60 56 87 86 65 7 90 9 73 90 75 87 4 94 35 16 58 25 78 69
