100
4
10 5 15 5
2
100 100
8
81 81 81 81 81 81 81 0
6
23 90 40 0 100 9
2
0 0
10
100 0 100 0 100 0 100 0 100 0
10
100 100 100 100 100 100 100 100 100 0
5
57 4 70 24 39
6
99 78 18 78 87 51
7
47 63 97 87 28 90 74
8
91 14 93 77 25 65 86 81
9
6 71 26 88 68 59 15 83 67
10
49 44 33 95 1 60 80 9 50 47
10
26 51 81 2 29 0 54 91 48 49
10
82 17 87 14 68 43 80 96 83 98
10
38 26 93 37 61 20 69 4 22 70
10
99 12 34 55 30 94 29 79 34 22
10
83 70 10 22 56 44 17 71 79 42
10
94 84 69 3 68 12 73 89 70 56
10
27 6 51 80 49 98 74 28 31 54
10
46 78 97 78 85 61 90 32 63 79
10
24 20 7 37 39 60 62 62 6 22
10
39 80 56 38 57 44 50 21 31 20
10
56 46 36 49 15 9 91 2 63 89
10
45 14 19 15 57 20 8 49 7 98
10
35 78 83 36 83 1 44 77 75 81
10
37 80 29 0 24 31 14 90 44 17
10
81 62 88 15 36 3 90 14 58 97
10
63 18 52 67 95 21 64 80 92 81
10
69 84 63 21 64 74 68 18 90 30
10
37 22 50 97 48 32 27 72 42 59
10
94 62 31 60 29 80 55 33 53 76
10
34 23 62 29 36 31 18 60 27 3
10
40 78 69 73 12 19 80 5 74 78
10
64 62 61 83 22 50 18 21 0 46
10
83 31 75 31 38 57 27 57 53 26
10
44 78 95 78 86 86 93 92 68 35
10
91 54 60 90 44 95 49 57 33 92
10
88 14 68 36 75 28 66 98 26 84
10
98 31 23 83 24 80 9 83 21 28
10
59 98 19 13 81 74 89 71 1 36
10
72 44 41 0 48 73 19 3 18 27
10
21 80 86 17 26 43 51 99 74 45
10
89 89 28 38 33 67 94 83 21 27
10
10 7 1 37 99 89 69 62 10 2
10
22 61 21 42 52 30 71 86 13 33
10
26 5 70 5 6 53 45 11 57 69
10
7 86 13 54 93 56 19 61 95 5
10
19 69 98 82 49 55 41 3 59 58
10
57 9 35 89 46 45 76 3 79 95
10
88 25 96 42 98 50 88 13 86 64
10
25 34 39 42 1 94 25 47 8 88
10
97 36 60 85 61 86 34 17 58 29
10
98 11 12 71 83 50 37 55 5 70
10
57 38 71 94 39 54 95 12 58 5
10
7 82 40 3 40 67 62 13 35 91
10
27 55 11 28 71 7 98 50 47 5
10
1 46 97 61 77 50 81 1 12 79
10
68 19 94 4 47 12 27 10 30 84
10
25 16 1 71 36 79 61 41 68 51
10
86 22 38 8 94 35 0 93 5 33
10
56 95 15 48 12 59 9 12 8 63
10
38 87 50 97 85 82 90 61 75 52
10
71 82 18 2 12 8 87 92 57 5
10
61 49 39 56 3 67 81 36 62 17
10
9 20 73 74 58 45 60 48 59 35
10
36 39 51 86 28 13 67 97 54 41
10
69 1 38 83 2 36 67 16 4 83
10
11 14 2 21 83 85 90 43 51 52
10
49 78 36 77 2 11 57 78 22 70
10
77 13 97 37 5 25 26 14 9 68
10
26 36 72 40 33 66 76 81 96 40
10
40 51 23 82 28 56 62 54 27 4
10
82 66 94 58 66 21 53 32 56 26
10
13 39 22 61 30 13 4 75 26 7
10
76 16 1 52 17 81 33 39 81 35
10
92 72 31 26 66 10 12 46 58 63
10
11 61 90 69 4 30 16 33 72 98
10
35 42 8 42 6 71 37 48 78 46
10
50 76 0 23 26 82 41 40 92 86
10
50 60 28 24 92 95 25 29 81 86
10
34 42 31 99 23 87 74 63 27 54
10
2 49 18 69 44 98 77 80 0 70
10
51 92 36 78 29 95 49 79 6 87
10
51 14 66 93 49 61 3 23 64 52
10
17 21 0 29 21 2 3 83 42 63
10
98 13 37 22 94 29 52 73 59 42
10
93 45 34 0 64 34 78 76 98 89
10
61 41 37 46 9 25 45 76 29 14
10
31 55 36 55 20 94 78 55 67 54
10
83 40 27 40 1 60 32 49 30 90
10
42 57 37 88 74 82 16 49 82 12
10
48 91 97 65 5 78 2 45 21 22
10
77 48 66 54 52 78 90 21 92 36
10
71 19 12 1 59 64 61 19 98 80
10
99 78 34 29 87 55 20 67 69 65
10
26 90 62 76 88 90 4 47 90 5
10
56 60 56 22 6 18 73 48 80 86
10
56 54 63 76 93 6 84 73 81 44
10
17 72 68 58 2 2 18 26 88 37
