100
5
0 0
10 0
10 10
0 10
5 5
10
357302 -320194
757436 -981419
-613024 -883979
9969 261697
-715567 -213682
-253287 247472
792970 764089
-406526 874403
-628019 -711427
-438210 638983
15
210956 745667
638204 -530259
412765 -476236
410218 -505668
-647030 -648952
197606 574953
30714 -770898
-694153 -897804
798953 167599
-176608 -600968
-608189 741072
43373 -874352
115924 375383
600210 423214
-569056 581158
1
526401 419838
5
82020 136700
154263 257105
-262650 -437750
-151884 -253140
-369393 -615655
13
693758 -227982
-180068 -227982
-756539 -227982
-452777 -227982
969632 -227982
-692472 -227982
408420 -227982
-889303 -227982
735656 -227982
746646 -227982
-156940 -227982
-255715 -227982
-146345 -227982
7
-678837 -226862
491583 -226862
453606 -226862
-939595 -226862
-9943 -226862
-665657 -226862
-986353 -226862
6
-545578 -194063
209660 755815
861960 -324453
-297899 827598
-610762 -816955
-115568 -21280
14
1000000 145009
1000000 546901
1000000 813595
1000000 -471900
1000000 352739
1000000 267867
1000000 272318
1000000 -683764
1000000 -259240
1000000 130210
1000000 -519375
1000000 62823
1000000 -489623
1000000 -152173
7
1000000 -202207
1000000 -312501
1000000 -924712
1000000 -478695
1000000 -347351
1000000 -913293
1000000 -391913
11
-853406 -834928
234455 -935013
-388737 -215965
-324657 -180365
470646 261470
307029 -338655
-138150 -76750
798963 -283326
-91287 -50715
328427 115323
-689256 -382920
15
860036 -371241
-24943 -843041
504728 -195060
-709430 -404660
-983371 -399340
124554 127832
-410332 558529
537317 -136026
-258280 719695
552951 233961
41363 861360
850251 -456306
628616 -197671
-483061 861645
-778242 -867269
2
74662 555979
-63715 -91267
11
202456 506140
-86968 -217420
160568 401420
180272 450680
259448 648620
-399792 -999480
-204932 -512330
297620 744050
135212 338030
384220 960550
-267656 -669140
9
399080 -199540
793704 -396852
124488 -62244
35928 -17964
-79320 39660
-680656 340328
-675496 337748
-964328 482164
451888 -225944
6
-382983 -382983
-859261 -815397
-503772 -55209
-215472 -215472
-444993 -444993
-872430 -872430
8
-590262 -718122
-743313 16596
-171403 -1000000
672744 538774
662810 -1000000
651417 859017
842066 -538247
-750777 -938828
15
-118876 -506465
565697 -32481
892129 957245
-817058 230323
-52242 -515631
-467314 362276
143980 -59952
-612677 376447
-855613 750781
598709 -237055
507170 18014
570335 -564024
-462359 -439082
735478 337531
-605959 -763871
10
989828 343174
-506178 56242
-185958 20662
-21656 697003
892449 184782
-581372 788290
-55046 121578
567836 -21307
-556844 820975
-483724 548934
15
471648 3076
-668466 618466
659986 -501384
637955 679762
-618792 312483
154253 -229125
50648 -873596
836573 992652
-751233 -94001
141838 830209
160036 -266107
258916 701138
-419827 -557073
949165 334757
-998865 521146
13
-618509 769879
-901166 -220747
-299471 705250
520385 459423
309128 -736
88214 138251
683008 -220747
592210 221686
-310568 -220747
-797620 -220747
757200 771159
394291 -220747
359919 257808
9
728743 -107306
-651987 -178265
-107381 -204227
131620 159091
768691 -177156
83493 -738098
912995 599376
902858 174420
656314 820295
2
-318105 639551
363887 -853506
15
315276 -382973
-531169 -567888
740171 337622
317087 611200
981836 404736
480526 -894262
143717 -981834
-913177 215691
252429 155942
-860049 122830
889183 387299
567692 619925
967588 -901385
719398 -590798
-804983 658056
5
201490 -1000000
572794 -1000000
-753648 -1000000
-79586 -1000000
-726326 -1000000
15
328850 -381931
60498 204650
522374 -519643
955887 48484
-49181 53180
-516037 78004
-39986 -918480
-83923 -760911
-10776 -21271
752175 -236684
-854858 940285
668556 -475498
-59708 -780286
484907 -336912
-649393 -179427
12
-649812 293697
271041 575268
836712 659640
382760 757631
-331084 291433
-91721 -815026
-924653 -870294
531912 414774
632333 158064
-651022 -46744
-718352 -770533
-846786 911446
11
-965881 -671207
752328 -120147
-52869 66691
-762760 -956033
755360 -223532
994704 680797
598020 -757454
231199 -625836
-585520 -160736
-148284 -566420
153170 946559
10
-858129 -358503
-517134 -47851
-421497 -1000000
-787491 131904
414156 -1000000
792673 322791
586442 -1000000
419400 -1000000
475872 -51650
68099 -1000000
5
-314011 -526876
-488561 -281746
916867 -281746
202336 -281746
-491459 -281746
6
426324 869522
462938 453931
828150 -230407
888045 -720494
-58322 -392533
522308 848043
4
109424 700967
504136 4794
-734868 923909
-721513 858829
15
360406 -769901
-221559 -909918
258970 835238
-353711 237150
747996 376086
470338 -533974
755529 965169
372406 -782114
-12209 -340683
-493101 -122422
43500 565036
-485568 -861136
264238 -517902
151496 -34388
-884669 497959
6
-175680 87840
654871 505770
500970 -250485
226385 875482
252590 -126295
-76330 38165
14
526246 150356
-604009 -172574
-908250 -259500
-619423 -176978
41076 11736
-4676 -1336
-533155 -152330
864199 246914
-414652 -118472
-330715 -94490
351484 100424
977137 279182
-701512 -200432
363349 103814
7
450680 -454737
189596 -340238
450496 -591176
-495189 345695
-406141 335283
-432819 379380
334227 76050
14
-931487 -555898
-390436 350916
733646 145579
-97531 350916
-416583 -666799
587867 350916
409279 -350589
193755 460
-656322 350916
17770 -911707
-426269 350916
659374 350916
-608891 -895793
-645532 -38508
7
-312498 876091
281120 449792
-72495 -115992
-532814 910555
-305795 -489272
431385 690216
408525 653640
8
581329 120447
440511 -562913
304453 -486244
729939 120447
928874 -486327
-319050 120447
-778661 120447
-873244 43787
10
499985 -1000000
-8525 -1000000
123016 733030
911645 -905437
-6364 -682454
523877 821143
57004 -406411
879233 -1000000
428100 -905936
48599 -1000000
15
-840044 1000000
341926 1000000
892916 1000000
-860121 1000000
-141560 1000000
-166768 1000000
374263 1000000
-772601 1000000
-877497 1000000
-664797 1000000
813339 1000000
-774203 1000000
-602555 1000000
53259 1000000
-552635 1000000
15
994381 8497
-102447 -559711
-665350 -559006
-140634 -943113
937930 866029
-941537 839746
-69342 429127
-738626 537867
533851 775691
-485427 479657
-63482 744835
485895 81441
486358 -882383
-925614 512687
-849595 346908
6
157925 -604161
-850740 -290516
806005 -103574
93445 766026
-237388 -853160
-49063 -507416
11
-258855 1000000
-775766 1000000
-817623 1000000
759221 1000000
-625037 1000000
119848 1000000
-35571 1000000
369725 1000000
660624 1000000
291811 1000000
116162 1000000
15
804550 -719174
-779496 -719174
-983830 -719174
721078 -719174
-700528 -719174
-709502 -719174
-909522 -719174
106878 -719174
98304 -719174
-375010 -719174
602636 -719174
-536123 -719174
-987458 -719174
-241204 -719174
593162 -719174
15
583766 174933
901400 814337
-970228 242531
913056 -666280
-50356 119589
-865739 156261
-156037 -944774
500609 -628045
102954 -513647
320756 -763682
-851897 -5397
-204839 -48902
-234948 -669619
935169 -517194
220855 97175
8
-855371 69101
418032 -214164
867530 168710
-583681 819611
-929754 -132882
386050 859310
-511494 875108
-528897 -558205
13
-132554 98174
1000000 -529731
-907797 -728559
1000000 -794433
1000000 185310
1000000 -562486
799980 206958
-936593 -291049
-972328 -659240
1000000 522923
579105 -312990
1000000 -567053
-750034 -854009
15
-241725 -457311
783486 -709021
-645634 12301
-531037 -288009
-39991 -106700
-825285 724481
-219332 -252277
-922590 480149
-627700 -167358
-160849 -236037
-509884 -646741
-55778 -521487
-974423 636733
-635491 767789
-372054 -653614
4
832455 -554970
-832919 949310
182910 -121940
433250 -55512
9
92489 -1000000
876407 -1000000
221451 -1000000
-531558 -1000000
-470179 -1000000
-157222 -1000000
-415157 -1000000
197435 -1000000
488893 -1000000
6
-659071 166623
-889622 229849
-417033 -850632
414036 979652
-502309 651226
731770 -374478
12
-93774 93774
-887066 887066
464245 -464245
-425228 425228
-446779 446779
-209714 209714
-760345 760345
990681 -990681
67208 -67208
875096 -875096
419667 -419667
639580 -639580
7
644097 -974868
39664 888912
276685 326812
855952 935719
-618468 88385
383085 -38245
629644 -204837
12
989069 451276
250260 -166840
-887315 717423
322221 -108554
766607 -10898
-80754 53836
611178 -407452
956552 414862
619359 -353450
-217746 145164
45640 439500
87162 -58108
13
-144829 -344628
-144829 96440
-144829 708290
-144829 -761059
-144829 -78573
-144829 759548
-144829 -718843
-144829 -30996
-144829 934712
-144829 -596752
-144829 -548374
-144829 -294128
-144829 53540
1
27421 -907317
15
-357349 -387107
929462 523605
413816 -18559
473822 726866
536989 -303469
-956968 -17398
-570043 440210
-375446 -410304
-898886 -523431
869750 382256
-606366 -279671
357421 -11325
-795796 540352
-850743 601565
982262 -686671
2
754568 94321
961216 120152
15
897427 233189
983533 -801731
655658 232657
-686816 937606
-910909 611362
922072 868562
627458 328953
794696 7390
-85391 -617798
407975 225211
-502386 126744
568694 963391
-195329 -301977
805723 -175356
-551477 572409
15
32890 815100
-348097 457771
91910 -275936
913687 -318496
-345093 395593
-340584 -217852
458081 -513730
287535 733046
-895465 -459816
-639069 42949
-595618 -163758
-147316 -642344
28723 -939627
102182 -183779
-646574 -9163
15
-351929 -183402
972619 792560
796896 -982389
-929220 -303708
241420 634473
-656744 -896346
854995 50477
-353384 258248
-528296 -444615
651357 627304
-879118 669554
978595 -952969
787838 299090
-80087 364648
474119 963998
5
309482 -346516
309482 888450
738651 -141785
309482 -196091
309482 94897
10
890068 -222517
783512 -195878
801677 636394
-828744 207186
480613 530496
65228 -16307
904272 -226068
-73604 18401
-189418 859816
-247688 61922
15
-60169 -330103
-185074 839860
460325 -266396
-49866 -731107
77063 -607630
-603962 70912
-591277 786949
600160 -715247
-847324 -418853
-289354 -139057
-826823 -325853
-551575 363617
-273337 724360
525954 961345
619981 187931
1
-36186 615086
15
-291207 810929
152579 -425069
922964 -58750
681863 -479885
-239386 -523385
869501 638769
159110 668519
680659 342365
285893 -470891
201814 97792
-331678 925168
-10293 -40283
211724 -826019
841973 829462
-360166 -800603
6
-281907 -356892
842781 -651239
-724199 -431431
-490927 386769
-151918 348072
-458913 -817289
7
663275 -558081
638222 515457
76551 42542
-191492 813290
262612 -916745
-471681 -70804
924073 -417273
15
571909 781845
-388801 -260894
-462053 -226438
636686 778159
-824856 -1000000
-263427 -711060
177524 -823156
-769647 -1000000
-541372 -725219
421926 -1000000
400210 695892
-66300 -1000000
675648 -1000000
285623 -1000000
-622472 -1000000
5
-424885 -387424
-739245 -387424
-687794 -387424
96350 -387424
512462 -387424
7
-377293 -302478
-925682 -224336
64023 -878021
-887658 -845123
-232559 -261315
382746 1456
318145 -486916
15
621455 47622
-36328 717118
558334 -794931
151078 577782
-106865 903831
56871 21385
-762641 959339
-537983 680570
-633047 -462735
-503759 -385734
-852637 742442
210610 727751
580046 -663064
-601693 -65878
-25191 -13424
15
-827698 268741
66154 682214
832409 -304395
116279 -406366
797283 249495
-931986 -616928
634429 -476358
-430037 750105
-148851 -251382
798065 201243
-944936 -755498
-195246 -587429
66255 -58632
830083 582528
-512927 -167734
15
401158 -407017
424796 471074
233647 91304
421514 -891233
14635 -803932
-232224 -117029
112511 -289006
-372896 310532
-980886 593061
-354347 136159
238832 311538
-168721 31839
264520 411434
-311915 115509
-15290 -838988
15
-272604 386134
457838 24558
-39021 -25779
-212750 -84812
442352 -705599
247179 -344714
80893 -124623
957314 -773037
280517 -616382
-61450 601111
-330194 39578
620309 47638
603382 -698930
785504 84170
-68038 -540441
15
-374255 136887
-994928 640669
976233 450708
-482415 676987
984013 579143
-342240 -316032
258942 -507890
923222 262031
822057 -629890
341933 -832613
-662670 -534513
284426 -675883
33299 -349466
-672944 503687
630944 -561380
15
-197151 228393
16051 -582902
980020 129462
41122 681636
685955 888950
383103 -614751
69168 -280075
-474020 19123
22882 926227
-662963 -140696
-169669 664369
-770227 -610228
-212973 686807
783756 964050
372753 -939799
13
-799356 199839
-379144 94786
496892 -124223
-375828 93957
-890048 222512
-151876 37969
826148 -206537
682988 -170747
937040 -234260
-97932 24483
-532980 133245
-13604 3401
-467808 116952
4
267614 -322688
-785822 -878480
308777 560139
314990 -455444
11
991272 1000000
303701 186394
238160 -808848
643161 1000000
414418 943085
772743 1000000
-471297 1000000
101846 -122256
-219192 377874
-515363 155253
-211848 1000000
4
17310 17310
721884 214065
758897 151427
974714 922300
11
-704488 615506
722730 615506
-641212 615506
-970965 -778413
856550 -899455
-207760 -479672
-641878 189510
136199 161254
-720768 -39828
-944619 -872928
-446565 615506
15
-181636 -187862
-781996 -900513
-853342 903645
-503786 -399975
-877887 -62663
-786167 100394
847741 -362586
-224530 -970846
19069 545813
-720923 303870
494651 -547590
441927 -600006
126854 382589
994551 -449112
-296736 758095
2
397598 -975863
-673849 -937730
15
157336 518503
-502740 -305176
601251 353536
211134 253487
135765 -267235
-393235 -858389
127734 -184821
-938299 -644001
466163 576779
21641 -886057
64987 -650330
-490794 -230346
507218 -807210
-992742 727322
-428865 -465662
15
-642036 321018
150870 -75435
-636282 318141
261414 -130707
-492192 246096
683970 -341985
-748878 374439
723870 -361935
84504 -42252
-610842 305421
164208 -82104
-319698 159849
-329556 164778
779892 -389946
447138 -223569
8
-465866 -907348
238216 434946
-109532 -785353
-380182 -574495
988159 111182
-514920 -16734
-551753 614499
1000000 13983
5
-547609 827085
-20865 21135
-682065 422911
835965 -370675
717608 708275
7
529846 -352607
-959055 -671541
-253670 888461
-959055 737619
172054 -523686
-959055 8626
819919 -483571
9
214049 -1000000
243531 -1000000
515104 -1000000
59284 -1000000
54167 -1000000
506098 -1000000
-473541 -1000000
-228175 -1000000
-352367 -1000000
11
-526554 1000000
-803979 -540029
229884 127229
-391104 1000000
945614 -670598
-695118 -121714
-529014 1000000
897491 -839494
-941998 895003
598990 -452647
721862 1000000
11
-444240 102219
-203096 -350685
-838653 741541
52101 759222
532720 69371
25371 610518
-274641 -225874
849173 460273
147380 -399842
580172 -289261
378256 182844
1
-909175 637956
14
-929028 -644385
-638565 108242
298859 399539
-558680 460993
-515948 -680319
956518 -766361
79651 415744
737533 -295274
554690 884736
995177 108090
16455 -862886
886848 298839
-696805 716074
565372 617491
15
42032 426166
-13468 -234538
341566 -158128
-237735 585425
373882 -390854
293766 -354902
810507 173998
146957 605436
716750 -726616
-991657 982725
-427331 -602871
-878646 727669
829409 -810336
-361797 848371
63086 -105003
15
312105 523070
78527 286106
-495607 132903
-433510 -19219
718199 -610475
-384749 -766247
80639 -30248
483244 92613
-829445 778824
-50461 -586208
-569306 -438634
226666 -766369
768405 -459724
555311 804237
-728864 -301245
6
-197598 -128621
489133 611221
-846052 -148396
-538180 -998991
37785 -803451
843720 -278983
15
-170616 -557157
773332 161832
-292767 39134
732255 -372824
708408 783830
-170657 -305853
-146854 497177
329572 17824
127804 770584
457607 -33451
880402 731603
716720 879005
-490988 -165871
841660 -33197
-316515 324905
8
-730723 -1000000
536765 -1000000
244672 -1000000
3208 -1000000
779954 -1000000
-307454 -1000000
244112 -1000000
-106525 -1000000
