Case #1:  [3]
1 Eat [2]
2 Eat [1]
3 Eat [0]
Case #1: 3

Case #2:  [2, 2, 1, 1]
1 Eat [1, 1]
2 Eat []
Case #2: 2

Case #3:  [4]
1 Spe2 [2, 2]
2 Eat [1, 1]
3 Eat []
Case #3: 3

Case #4:  [6, 6]
1 Spe2 [6, 3, 3]
2 Spe2 [3, 3, 3, 3]
3 Eat [2, 2, 2, 2]
4 Eat [1, 1, 1, 1]
5 Eat []
Case #4: 5

Case #5:  [9, 9, 9, 5]
1 Eat [8, 8, 8, 4]
2 Spe2 [8, 8, 4, 4, 4]
3 Spe2 [8, 4, 4, 4, 4, 4]
4 Spe2 [4, 4, 4, 4, 4, 4, 4]
5 Eat [3, 3, 3, 3, 3, 3, 3]
6 Eat [2, 2, 2, 2, 2, 2, 2]
7 Eat [1, 1, 1, 1, 1, 1, 1]
8 Eat []
Case #5: 8

Case #6:  [9, 9]
1 Spe2 [9, 5, 4]
2 Spe3 [6, 5, 4, 3]
3 Eat [5, 4, 3, 2]
4 Eat [4, 3, 2, 1]
5 Eat [3, 2, 1]
6 Eat [2, 1]
7 Eat [1]
8 Eat [0]
Case #6: 8

Case #7:  [8, 4, 1]
1 Spe2 [4, 4, 4, 1]
2 Eat [3, 3, 3]
3 Eat [2, 2, 2]
4 Eat [1, 1, 1]
5 Eat []
Case #7: 5

Case #8:  [7, 7]
1 Spe2 [7, 4, 3]
2 Spe2 [4, 4, 3, 3]
3 Eat [3, 3, 2, 2]
4 Eat [2, 2, 1, 1]
5 Eat [1, 1]
6 Eat []
Case #8: 6

Case #9:  [9, 3, 3]
1 Spe3 [6, 3, 3, 3]
2 Spe2 [3, 3, 3, 3, 3]
3 Eat [2, 2, 2, 2, 2]
4 Eat [1, 1, 1, 1, 1]
5 Eat []
Case #9: 5

Case #10:  [9, 9, 9, 9, 9, 9]
1 Eat [8, 8, 8, 8, 8, 8]
2 Eat [7, 7, 7, 7, 7, 7]
3 Eat [6, 6, 6, 6, 6, 6]
4 Eat [5, 5, 5, 5, 5, 5]
5 Eat [4, 4, 4, 4, 4, 4]
6 Eat [3, 3, 3, 3, 3, 3]
7 Eat [2, 2, 2, 2, 2, 2]
8 Eat [1, 1, 1, 1, 1, 1]
9 Eat []
Case #10: 9

Case #11:  [5, 5, 5, 4, 2]
1 Eat [4, 4, 4, 3, 1]
2 Eat [3, 3, 3, 2]
3 Eat [2, 2, 2, 1]
4 Eat [1, 1, 1]
5 Eat []
Case #11: 5

Case #12:  [9, 2, 2, 1]
1 Spe3 [6, 3, 2, 2, 1]
2 Spe2 [3, 3, 3, 2, 2, 1]
3 Eat [2, 2, 2, 1, 1]
4 Eat [1, 1, 1]
5 Eat []
Case #12: 5

Case #13:  [9, 9, 5, 5, 3, 3]
1 Eat [8, 8, 4, 4, 2, 2]
2 Spe2 [8, 4, 4, 4, 4, 2, 2]
3 Spe2 [4, 4, 4, 4, 4, 4, 2, 2]
4 Eat [3, 3, 3, 3, 3, 3, 1, 1]
5 Eat [2, 2, 2, 2, 2, 2]
6 Eat [1, 1, 1, 1, 1, 1]
7 Eat []
Case #13: 7

Case #14:  [9, 4]
1 Spe3 [6, 4, 3]
2 Spe2 [4, 3, 3, 3]
3 Eat [3, 2, 2, 2]
4 Eat [2, 1, 1, 1]
5 Eat [1]
6 Eat [0]
Case #14: 6

Case #15:  [9, 9, 6, 6, 6, 5]
1 Eat [8, 8, 5, 5, 5, 4]
2 Eat [7, 7, 4, 4, 4, 3]
3 Eat [6, 6, 3, 3, 3, 2]
4 Spe2 [6, 3, 3, 3, 3, 3, 2]
5 Spe2 [3, 3, 3, 3, 3, 3, 3, 2]
6 Eat [2, 2, 2, 2, 2, 2, 2, 1]
7 Eat [1, 1, 1, 1, 1, 1, 1]
8 Eat []
Case #15: 8

Case #16:  [5, 3, 2, 1]
1 Eat [4, 2, 1]
2 Spe2 [2, 2, 2, 1]
3 Eat [1, 1, 1]
4 Eat []
Case #16: 4

Case #17:  [8, 4]
1 Spe2 [4, 4, 4]
2 Eat [3, 3, 3]
3 Eat [2, 2, 2]
4 Eat [1, 1, 1]
5 Eat []
Case #17: 5

Case #18:  [3, 2, 1]
1 Eat [2, 1]
2 Eat [1]
3 Eat [0]
Case #18: 3

Case #19:  [5, 4, 4, 4, 3]
1 Eat [4, 3, 3, 3, 2]
2 Eat [3, 2, 2, 2, 1]
3 Eat [2, 1, 1, 1]
4 Eat [1]
5 Eat [0]
Case #19: 5

Case #20:  [9, 7, 5, 4]
1 Spe2 [7, 5, 5, 4, 4]
2 Eat [6, 4, 4, 3, 3]
3 Eat [5, 3, 3, 2, 2]
4 Eat [4, 2, 2, 1, 1]
5 Spe2 [2, 2, 2, 2, 1, 1]
6 Eat [1, 1, 1, 1]
7 Eat []
Case #20: 7

Case #21:  [5, 3, 2, 1, 1]
1 Eat [4, 2, 1]
2 Spe2 [2, 2, 2, 1]
3 Eat [1, 1, 1]
4 Eat []
Case #21: 4

Case #22:  [9, 4, 2, 2]
1 Spe3 [6, 4, 3, 2, 2]
2 Spe2 [4, 3, 3, 3, 2, 2]
3 Eat [3, 2, 2, 2, 1, 1]
4 Eat [2, 1, 1, 1]
5 Eat [1]
6 Eat [0]
Case #22: 6

Case #23:  [9, 3, 3]
1 Spe3 [6, 3, 3, 3]
2 Spe2 [3, 3, 3, 3, 3]
3 Eat [2, 2, 2, 2, 2]
4 Eat [1, 1, 1, 1, 1]
5 Eat []
Case #23: 5

Case #24:  [9, 5, 1]
1 Spe3 [6, 5, 3, 1]
2 Spe2 [5, 3, 3, 3, 1]
3 Eat [4, 2, 2, 2]
4 Spe2 [2, 2, 2, 2, 2]
5 Eat [1, 1, 1, 1, 1]
6 Eat []
Case #24: 6

Case #25:  [7, 5, 5, 3, 1]
1 Eat [6, 4, 4, 2]
2 Eat [5, 3, 3, 1]
3 Eat [4, 2, 2]
4 Spe2 [2, 2, 2, 2]
5 Eat [1, 1, 1, 1]
6 Eat []
Case #25: 6

Case #26:  [8, 8, 8, 8]
1 Eat [7, 7, 7, 7]
2 Eat [6, 6, 6, 6]
3 Eat [5, 5, 5, 5]
4 Eat [4, 4, 4, 4]
5 Eat [3, 3, 3, 3]
6 Eat [2, 2, 2, 2]
7 Eat [1, 1, 1, 1]
8 Eat []
Case #26: 8

Case #27:  [5, 4, 4, 2, 1]
1 Eat [4, 3, 3, 1]
2 Eat [3, 2, 2]
3 Eat [2, 1, 1]
4 Eat [1]
5 Eat [0]
Case #27: 5

Case #28:  [1]
1 Eat [0]
Case #28: 1

Case #29:  [5, 5]
1 Eat [4, 4]
2 Eat [3, 3]
3 Eat [2, 2]
4 Eat [1, 1]
5 Eat []
Case #29: 5

Case #30:  [9, 7]
1 Spe2 [7, 5, 4]
2 Eat [6, 4, 3]
3 Spe2 [4, 3, 3, 3]
4 Eat [3, 2, 2, 2]
5 Eat [2, 1, 1, 1]
6 Eat [1]
7 Eat [0]
Case #30: 7

Case #31:  [9, 9, 9, 5, 5, 5]
1 Eat [8, 8, 8, 4, 4, 4]
2 Spe2 [8, 8, 4, 4, 4, 4, 4]
3 Spe2 [8, 4, 4, 4, 4, 4, 4, 4]
4 Spe2 [4, 4, 4, 4, 4, 4, 4, 4, 4]
5 Eat [3, 3, 3, 3, 3, 3, 3, 3, 3]
6 Eat [2, 2, 2, 2, 2, 2, 2, 2, 2]
7 Eat [1, 1, 1, 1, 1, 1, 1, 1, 1]
8 Eat []
Case #31: 8

Case #32:  [9, 9, 5, 5, 1, 1]
1 Eat [8, 8, 4, 4]
2 Spe2 [8, 4, 4, 4, 4]
3 Spe2 [4, 4, 4, 4, 4, 4]
4 Eat [3, 3, 3, 3, 3, 3]
5 Eat [2, 2, 2, 2, 2, 2]
6 Eat [1, 1, 1, 1, 1, 1]
7 Eat []
Case #32: 7

Case #33:  [6, 5, 4]
1 Eat [5, 4, 3]
2 Eat [4, 3, 2]
3 Eat [3, 2, 1]
4 Eat [2, 1]
5 Eat [1]
6 Eat [0]
Case #33: 6

Case #34:  [6]
1 Spe2 [3, 3]
2 Eat [2, 2]
3 Eat [1, 1]
4 Eat []
Case #34: 4

Case #35:  [8, 8, 4, 3]
1 Spe2 [8, 4, 4, 4, 3]
2 Spe2 [4, 4, 4, 4, 4, 3]
3 Eat [3, 3, 3, 3, 3, 2]
4 Eat [2, 2, 2, 2, 2, 1]
5 Eat [1, 1, 1, 1, 1]
6 Eat []
Case #35: 6

Case #36:  [5, 5, 3, 2, 2]
1 Eat [4, 4, 2, 1, 1]
2 Eat [3, 3, 1]
3 Eat [2, 2]
4 Eat [1, 1]
5 Eat []
Case #36: 5

Case #37:  [8, 7, 1]
1 Spe2 [7, 4, 4, 1]
2 Eat [6, 3, 3]
3 Spe2 [3, 3, 3, 3]
4 Eat [2, 2, 2, 2]
5 Eat [1, 1, 1, 1]
6 Eat []
Case #37: 6

Case #38:  [9, 9, 6, 1]
1 Spe2 [9, 6, 5, 4, 1]
2 Spe2 [6, 5, 5, 4, 4, 1]
3 Eat [5, 4, 4, 3, 3]
4 Eat [4, 3, 3, 2, 2]
5 Eat [3, 2, 2, 1, 1]
6 Eat [2, 1, 1]
7 Eat [1]
8 Eat [0]
Case #38: 8

Case #39:  [9, 9, 9, 9, 9]
1 Eat [8, 8, 8, 8, 8]
2 Eat [7, 7, 7, 7, 7]
3 Eat [6, 6, 6, 6, 6]
4 Eat [5, 5, 5, 5, 5]
5 Eat [4, 4, 4, 4, 4]
6 Eat [3, 3, 3, 3, 3]
7 Eat [2, 2, 2, 2, 2]
8 Eat [1, 1, 1, 1, 1]
9 Eat []
Case #39: 9

Case #40:  [4]
1 Spe2 [2, 2]
2 Eat [1, 1]
3 Eat []
Case #40: 3

Case #41:  [8, 4]
1 Spe2 [4, 4, 4]
2 Eat [3, 3, 3]
3 Eat [2, 2, 2]
4 Eat [1, 1, 1]
5 Eat []
Case #41: 5

Case #42:  [9, 8]
1 Spe2 [8, 5, 4]
2 Spe2 [5, 4, 4, 4]
3 Eat [4, 3, 3, 3]
4 Eat [3, 2, 2, 2]
5 Eat [2, 1, 1, 1]
6 Eat [1]
7 Eat [0]
Case #42: 7

Case #43:  [9, 8, 6, 3]
1 Spe2 [8, 6, 5, 4, 3]
2 Spe2 [6, 5, 4, 4, 4, 3]
3 Eat [5, 4, 3, 3, 3, 2]
4 Eat [4, 3, 2, 2, 2, 1]
5 Eat [3, 2, 1, 1, 1]
6 Eat [2, 1]
7 Eat [1]
8 Eat [0]
Case #43: 8

Case #44:  [8, 8]
1 Spe2 [8, 4, 4]
2 Spe2 [4, 4, 4, 4]
3 Eat [3, 3, 3, 3]
4 Eat [2, 2, 2, 2]
5 Eat [1, 1, 1, 1]
6 Eat []
Case #44: 6

Case #45:  [9, 9]
1 Spe2 [9, 5, 4]
2 Spe3 [6, 5, 4, 3]
3 Eat [5, 4, 3, 2]
4 Eat [4, 3, 2, 1]
5 Eat [3, 2, 1]
6 Eat [2, 1]
7 Eat [1]
8 Eat [0]
Case #45: 8

Case #46:  [9, 6, 2]
1 Spe3 [6, 6, 3, 2]
2 Spe2 [6, 3, 3, 3, 2]
3 Spe2 [3, 3, 3, 3, 3, 2]
4 Eat [2, 2, 2, 2, 2, 1]
5 Eat [1, 1, 1, 1, 1]
6 Eat []
Case #46: 6

Case #47:  [9, 9, 9]
1 Spe2 [9, 9, 5, 4]
2 Spe2 [9, 5, 5, 4, 4]
3 Spe2 [5, 5, 5, 4, 4, 4]
4 Eat [4, 4, 4, 3, 3, 3]
5 Eat [3, 3, 3, 2, 2, 2]
6 Eat [2, 2, 2, 1, 1, 1]
7 Eat [1, 1, 1]
8 Eat []
Case #47: 8

Case #48:  [9, 9, 5, 5, 5, 5]
1 Eat [8, 8, 4, 4, 4, 4]
2 Spe2 [8, 4, 4, 4, 4, 4, 4]
3 Spe2 [4, 4, 4, 4, 4, 4, 4, 4]
4 Eat [3, 3, 3, 3, 3, 3, 3, 3]
5 Eat [2, 2, 2, 2, 2, 2, 2, 2]
6 Eat [1, 1, 1, 1, 1, 1, 1, 1]
7 Eat []
Case #48: 7

Case #49:  [8, 7, 3]
1 Spe2 [7, 4, 4, 3]
2 Eat [6, 3, 3, 2]
3 Spe2 [3, 3, 3, 3, 2]
4 Eat [2, 2, 2, 2, 1]
5 Eat [1, 1, 1, 1]
6 Eat []
Case #49: 6

Case #50:  [5]
1 Spe2 [3, 2]
2 Eat [2, 1]
3 Eat [1]
4 Eat [0]
Case #50: 4

Case #51:  [9, 3, 1]
1 Spe3 [6, 3, 3, 1]
2 Spe2 [3, 3, 3, 3, 1]
3 Eat [2, 2, 2, 2]
4 Eat [1, 1, 1, 1]
5 Eat []
Case #51: 5

Case #52:  [9, 8, 2, 2, 1]
1 Spe2 [8, 5, 4, 2, 2, 1]
2 Spe2 [5, 4, 4, 4, 2, 2, 1]
3 Eat [4, 3, 3, 3, 1, 1]
4 Eat [3, 2, 2, 2]
5 Eat [2, 1, 1, 1]
6 Eat [1]
7 Eat [0]
Case #52: 7

Case #53:  [6, 5, 4, 2]
1 Eat [5, 4, 3, 1]
2 Eat [4, 3, 2]
3 Eat [3, 2, 1]
4 Eat [2, 1]
5 Eat [1]
6 Eat [0]
Case #53: 6

Case #54:  [6, 3, 1]
1 Spe2 [3, 3, 3, 1]
2 Eat [2, 2, 2]
3 Eat [1, 1, 1]
4 Eat []
Case #54: 4

Case #55:  [4, 3, 3, 2, 1]
1 Eat [3, 2, 2, 1]
2 Eat [2, 1, 1]
3 Eat [1]
4 Eat [0]
Case #55: 4

Case #56:  [9, 8, 3, 2]
1 Spe2 [8, 5, 4, 3, 2]
2 Spe2 [5, 4, 4, 4, 3, 2]
3 Eat [4, 3, 3, 3, 2, 1]
4 Eat [3, 2, 2, 2, 1]
5 Eat [2, 1, 1, 1]
6 Eat [1]
7 Eat [0]
Case #56: 7

Case #57:  [6, 6, 6]
1 Eat [5, 5, 5]
2 Eat [4, 4, 4]
3 Eat [3, 3, 3]
4 Eat [2, 2, 2]
5 Eat [1, 1, 1]
6 Eat []
Case #57: 6

Case #58:  [5, 4, 3, 2, 1]
1 Eat [4, 3, 2, 1]
2 Eat [3, 2, 1]
3 Eat [2, 1]
4 Eat [1]
5 Eat [0]
Case #58: 5

Case #59:  [5, 4, 3, 1, 1]
1 Eat [4, 3, 2]
2 Eat [3, 2, 1]
3 Eat [2, 1]
4 Eat [1]
5 Eat [0]
Case #59: 5

Case #60:  [5, 1, 1]
1 Spe2 [3, 2, 1, 1]
2 Eat [2, 1]
3 Eat [1]
4 Eat [0]
Case #60: 4

Case #61:  [8, 6, 5, 3]
1 Spe2 [6, 5, 4, 4, 3]
2 Eat [5, 4, 3, 3, 2]
3 Eat [4, 3, 2, 2, 1]
4 Eat [3, 2, 1, 1]
5 Eat [2, 1]
6 Eat [1]
7 Eat [0]
Case #61: 7

Case #62:  [5, 5, 4, 4, 1]
1 Eat [4, 4, 3, 3]
2 Eat [3, 3, 2, 2]
3 Eat [2, 2, 1, 1]
4 Eat [1, 1]
5 Eat []
Case #62: 5

Case #63:  [7, 7, 6, 2]
1 Eat [6, 6, 5, 1]
2 Eat [5, 5, 4]
3 Eat [4, 4, 3]
4 Eat [3, 3, 2]
5 Eat [2, 2, 1]
6 Eat [1, 1]
7 Eat []
Case #63: 7

Case #64:  [9, 9, 9, 9]
1 Eat [8, 8, 8, 8]
2 Eat [7, 7, 7, 7]
3 Eat [6, 6, 6, 6]
4 Eat [5, 5, 5, 5]
5 Eat [4, 4, 4, 4]
6 Eat [3, 3, 3, 3]
7 Eat [2, 2, 2, 2]
8 Eat [1, 1, 1, 1]
9 Eat []
Case #64: 9

Case #65:  [4, 3, 2, 1]
1 Eat [3, 2, 1]
2 Eat [2, 1]
3 Eat [1]
4 Eat [0]
Case #65: 4

Case #66:  [2, 2, 2, 1, 1]
1 Eat [1, 1, 1]
2 Eat []
Case #66: 2

Case #67:  [7, 7, 6]
1 Eat [6, 6, 5]
2 Eat [5, 5, 4]
3 Eat [4, 4, 3]
4 Eat [3, 3, 2]
5 Eat [2, 2, 1]
6 Eat [1, 1]
7 Eat []
Case #67: 7

Case #68:  [2, 1, 1]
1 Eat [1]
2 Eat [0]
Case #68: 2

Case #69:  [7, 5, 4, 4]
1 Eat [6, 4, 3, 3]
2 Spe2 [4, 3, 3, 3, 3]
3 Eat [3, 2, 2, 2, 2]
4 Eat [2, 1, 1, 1, 1]
5 Eat [1]
6 Eat [0]
Case #69: 6

Case #70:  [9, 8, 6]
1 Spe2 [8, 6, 5, 4]
2 Spe2 [6, 5, 4, 4, 4]
3 Eat [5, 4, 3, 3, 3]
4 Eat [4, 3, 2, 2, 2]
5 Eat [3, 2, 1, 1, 1]
6 Eat [2, 1]
7 Eat [1]
8 Eat [0]
Case #70: 8

Case #71:  [9, 9, 6, 6, 6, 3]
1 Eat [8, 8, 5, 5, 5, 2]
2 Eat [7, 7, 4, 4, 4, 1]
3 Eat [6, 6, 3, 3, 3]
4 Spe2 [6, 3, 3, 3, 3, 3]
5 Spe2 [3, 3, 3, 3, 3, 3, 3]
6 Eat [2, 2, 2, 2, 2, 2, 2]
7 Eat [1, 1, 1, 1, 1, 1, 1]
8 Eat []
Case #71: 8

Case #72:  [8]
1 Spe2 [4, 4]
2 Eat [3, 3]
3 Eat [2, 2]
4 Eat [1, 1]
5 Eat []
Case #72: 5

Case #73:  [9, 9, 8, 1]
1 Spe2 [9, 8, 5, 4, 1]
2 Spe2 [8, 5, 5, 4, 4, 1]
3 Spe2 [5, 5, 4, 4, 4, 4, 1]
4 Eat [4, 4, 3, 3, 3, 3]
5 Eat [3, 3, 2, 2, 2, 2]
6 Eat [2, 2, 1, 1, 1, 1]
7 Eat [1, 1]
8 Eat []
Case #73: 8

Case #74:  [9, 9, 6, 6, 6, 6]
1 Eat [8, 8, 5, 5, 5, 5]
2 Eat [7, 7, 4, 4, 4, 4]
3 Eat [6, 6, 3, 3, 3, 3]
4 Spe2 [6, 3, 3, 3, 3, 3, 3]
5 Spe2 [3, 3, 3, 3, 3, 3, 3, 3]
6 Eat [2, 2, 2, 2, 2, 2, 2, 2]
7 Eat [1, 1, 1, 1, 1, 1, 1, 1]
8 Eat []
Case #74: 8

Case #75:  [9, 7, 4, 2]
1 Spe2 [7, 5, 4, 4, 2]
2 Eat [6, 4, 3, 3, 1]
3 Spe2 [4, 3, 3, 3, 3, 1]
4 Eat [3, 2, 2, 2, 2]
5 Eat [2, 1, 1, 1, 1]
6 Eat [1]
7 Eat [0]
Case #75: 7

Case #76:  [9, 9, 3]
1 Spe2 [9, 5, 4, 3]
2 Spe3 [6, 5, 4, 3, 3]
3 Eat [5, 4, 3, 2, 2]
4 Eat [4, 3, 2, 1, 1]
5 Eat [3, 2, 1]
6 Eat [2, 1]
7 Eat [1]
8 Eat [0]
Case #76: 8

Case #77:  [6, 5, 4, 3, 2, 1]
1 Eat [5, 4, 3, 2, 1]
2 Eat [4, 3, 2, 1]
3 Eat [3, 2, 1]
4 Eat [2, 1]
5 Eat [1]
6 Eat [0]
Case #77: 6

Case #78:  [7]
1 Spe2 [4, 3]
2 Eat [3, 2]
3 Eat [2, 1]
4 Eat [1]
5 Eat [0]
Case #78: 5

Case #79:  [5, 2, 2, 1, 1]
1 Spe2 [3, 2, 2, 2, 1, 1]
2 Eat [2, 1, 1, 1]
3 Eat [1]
4 Eat [0]
Case #79: 4

Case #80:  [2, 1]
1 Eat [1]
2 Eat [0]
Case #80: 2

Case #81:  [9]
1 Spe3 [6, 3]
2 Spe2 [3, 3, 3]
3 Eat [2, 2, 2]
4 Eat [1, 1, 1]
5 Eat []
Case #81: 5

Case #82:  [2, 1, 1]
1 Eat [1]
2 Eat [0]
Case #82: 2

Case #83:  [9, 5, 4]
1 Spe3 [6, 5, 4, 3]
2 Eat [5, 4, 3, 2]
3 Eat [4, 3, 2, 1]
4 Eat [3, 2, 1]
5 Eat [2, 1]
6 Eat [1]
7 Eat [0]
Case #83: 7

Case #84:  [6, 3, 2, 1]
1 Spe2 [3, 3, 3, 2, 1]
2 Eat [2, 2, 2, 1]
3 Eat [1, 1, 1]
4 Eat []
Case #84: 4

Case #85:  [9, 3, 1]
1 Spe3 [6, 3, 3, 1]
2 Spe2 [3, 3, 3, 3, 1]
3 Eat [2, 2, 2, 2]
4 Eat [1, 1, 1, 1]
5 Eat []
Case #85: 5

Case #86:  [8, 8, 8, 8, 8]
1 Eat [7, 7, 7, 7, 7]
2 Eat [6, 6, 6, 6, 6]
3 Eat [5, 5, 5, 5, 5]
4 Eat [4, 4, 4, 4, 4]
5 Eat [3, 3, 3, 3, 3]
6 Eat [2, 2, 2, 2, 2]
7 Eat [1, 1, 1, 1, 1]
8 Eat []
Case #86: 8

Case #87:  [8, 5, 2]
1 Spe2 [5, 4, 4, 2]
2 Eat [4, 3, 3, 1]
3 Eat [3, 2, 2]
4 Eat [2, 1, 1]
5 Eat [1]
6 Eat [0]
Case #87: 6

Case #88:  [9, 8, 6, 2]
1 Spe2 [8, 6, 5, 4, 2]
2 Spe2 [6, 5, 4, 4, 4, 2]
3 Eat [5, 4, 3, 3, 3, 1]
4 Eat [4, 3, 2, 2, 2]
5 Eat [3, 2, 1, 1, 1]
6 Eat [2, 1]
7 Eat [1]
8 Eat [0]
Case #88: 8

Case #89:  [4, 4, 4]
1 Eat [3, 3, 3]
2 Eat [2, 2, 2]
3 Eat [1, 1, 1]
4 Eat []
Case #89: 4

Case #90:  [9, 6]
1 Spe3 [6, 6, 3]
2 Spe2 [6, 3, 3, 3]
3 Spe2 [3, 3, 3, 3, 3]
4 Eat [2, 2, 2, 2, 2]
5 Eat [1, 1, 1, 1, 1]
6 Eat []
Case #90: 6

Case #91:  [8, 8, 8]
1 Spe2 [8, 8, 4, 4]
2 Spe2 [8, 4, 4, 4, 4]
3 Spe2 [4, 4, 4, 4, 4, 4]
4 Eat [3, 3, 3, 3, 3, 3]
5 Eat [2, 2, 2, 2, 2, 2]
6 Eat [1, 1, 1, 1, 1, 1]
7 Eat []
Case #91: 7

Case #92:  [7, 5, 3]
1 Spe2 [5, 4, 3, 3]
2 Eat [4, 3, 2, 2]
3 Eat [3, 2, 1, 1]
4 Eat [2, 1]
5 Eat [1]
6 Eat [0]
Case #92: 6

Case #93:  [9, 8, 1, 1]
1 Spe2 [8, 5, 4, 1, 1]
2 Spe2 [5, 4, 4, 4, 1, 1]
3 Eat [4, 3, 3, 3]
4 Eat [3, 2, 2, 2]
5 Eat [2, 1, 1, 1]
6 Eat [1]
7 Eat [0]
Case #93: 7

Case #94:  [8, 8, 3, 1]
1 Spe2 [8, 4, 4, 3, 1]
2 Spe2 [4, 4, 4, 4, 3, 1]
3 Eat [3, 3, 3, 3, 2]
4 Eat [2, 2, 2, 2, 1]
5 Eat [1, 1, 1, 1]
6 Eat []
Case #94: 6

Case #95:  [5, 4, 2, 1]
1 Eat [4, 3, 1]
2 Eat [3, 2]
3 Eat [2, 1]
4 Eat [1]
5 Eat [0]
Case #95: 5

Case #96:  [9, 7, 7, 7, 7, 7]
1 Eat [8, 6, 6, 6, 6, 6]
2 Eat [7, 5, 5, 5, 5, 5]
3 Eat [6, 4, 4, 4, 4, 4]
4 Eat [5, 3, 3, 3, 3, 3]
5 Eat [4, 2, 2, 2, 2, 2]
6 Spe2 [2, 2, 2, 2, 2, 2, 2]
7 Eat [1, 1, 1, 1, 1, 1, 1]
8 Eat []
Case #96: 8

Case #97:  [9, 9, 9, 3, 3, 2]
1 Spe2 [9, 9, 5, 4, 3, 3, 2]
2 Spe2 [9, 5, 5, 4, 4, 3, 3, 2]
3 Spe2 [5, 5, 5, 4, 4, 4, 3, 3, 2]
4 Eat [4, 4, 4, 3, 3, 3, 2, 2, 1]
5 Eat [3, 3, 3, 2, 2, 2, 1, 1]
6 Eat [2, 2, 2, 1, 1, 1]
7 Eat [1, 1, 1]
8 Eat []
Case #97: 8

Case #98:  [8, 8, 2]
1 Spe2 [8, 4, 4, 2]
2 Spe2 [4, 4, 4, 4, 2]
3 Eat [3, 3, 3, 3, 1]
4 Eat [2, 2, 2, 2]
5 Eat [1, 1, 1, 1]
6 Eat []
Case #98: 6

Case #99:  [9, 7, 3]
1 Spe2 [7, 5, 4, 3]
2 Eat [6, 4, 3, 2]
3 Spe2 [4, 3, 3, 3, 2]
4 Eat [3, 2, 2, 2, 1]
5 Eat [2, 1, 1, 1]
6 Eat [1]
7 Eat [0]
Case #99: 7

Case #100:  [5, 4, 4, 2, 2]
1 Eat [4, 3, 3, 1, 1]
2 Eat [3, 2, 2]
3 Eat [2, 1, 1]
4 Eat [1]
5 Eat [0]
Case #100: 5

