Case #1:  [3]
1 Eat [2]
2 Eat [1]
3 Eat [0]
Case #1: 3

Case #2:  [2, 2, 1, 1]
1 Eat [1, 1]
2 Eat []
Case #2: 2

Case #3:  [4]
1 Spe2 [2, 2]
2 Eat [1, 1]
3 Eat []
Case #3: 3

Case #4:  [6, 4, 3, 2]
1 Spe2 [4, 3, 3, 3, 2]
2 Eat [3, 2, 2, 2, 1]
3 Eat [2, 1, 1, 1]
4 Eat [1]
5 Eat [0]
Case #4: 5

Case #5:  [8, 6, 3]
1 Spe2 [6, 4, 4, 3]
2 Eat [5, 3, 3, 2]
3 Eat [4, 2, 2, 1]
4 Spe2 [2, 2, 2, 2, 1]
5 Eat [1, 1, 1, 1]
6 Eat []
Case #5: 6

Case #6:  [9, 7, 2, 1]
1 Spe2 [7, 5, 4, 2, 1]
2 Eat [6, 4, 3, 1]
3 Spe2 [4, 3, 3, 3, 1]
4 Eat [3, 2, 2, 2]
5 Eat [2, 1, 1, 1]
6 Eat [1]
7 Eat [0]
Case #6: 7

Case #7:  [8, 5, 4]
1 Spe2 [5, 4, 4, 4]
2 Eat [4, 3, 3, 3]
3 Eat [3, 2, 2, 2]
4 Eat [2, 1, 1, 1]
5 Eat [1]
6 Eat [0]
Case #7: 6

Case #8:  [9, 9, 5, 5, 3, 3]
1 Eat [8, 8, 4, 4, 2, 2]
2 Spe2 [8, 4, 4, 4, 4, 2, 2]
3 Spe2 [4, 4, 4, 4, 4, 4, 2, 2]
4 Eat [3, 3, 3, 3, 3, 3, 1, 1]
5 Eat [2, 2, 2, 2, 2, 2]
6 Eat [1, 1, 1, 1, 1, 1]
7 Eat []
Case #8: 7

Case #9:  [9, 4, 3, 2]
1 Spe3 [6, 4, 3, 3, 2]
2 Spe2 [4, 3, 3, 3, 3, 2]
3 Eat [3, 2, 2, 2, 2, 1]
4 Eat [2, 1, 1, 1, 1]
5 Eat [1]
6 Eat [0]
Case #9: 6

Case #10:  [7, 5, 3]
1 Spe2 [5, 4, 3, 3]
2 Eat [4, 3, 2, 2]
3 Eat [3, 2, 1, 1]
4 Eat [2, 1]
5 Eat [1]
6 Eat [0]
Case #10: 6

Case #11:  [9, 9]
Case #11: 0
Case #12:  [8, 8]
1 Spe2 [8, 4, 4]
2 Spe2 [4, 4, 4, 4]
3 Eat [3, 3, 3, 3]
4 Eat [2, 2, 2, 2]
5 Eat [1, 1, 1, 1]
6 Eat []
Case #12: 6

Case #13:  [9, 9, 9, 9, 9]
1 Eat [8, 8, 8, 8, 8]
2 Eat [7, 7, 7, 7, 7]
3 Eat [6, 6, 6, 6, 6]
4 Eat [5, 5, 5, 5, 5]
5 Eat [4, 4, 4, 4, 4]
6 Eat [3, 3, 3, 3, 3]
7 Eat [2, 2, 2, 2, 2]
8 Eat [1, 1, 1, 1, 1]
9 Eat []
Case #13: 9

Case #14:  [9, 9, 6, 6, 6, 3]
1 Eat [8, 8, 5, 5, 5, 2]
2 Eat [7, 7, 4, 4, 4, 1]
3 Eat [6, 6, 3, 3, 3]
4 Spe2 [6, 3, 3, 3, 3, 3]
5 Spe2 [3, 3, 3, 3, 3, 3, 3]
6 Eat [2, 2, 2, 2, 2, 2, 2]
7 Eat [1, 1, 1, 1, 1, 1, 1]
8 Eat []
Case #14: 8

Case #15:  [5, 4, 4, 2, 2]
1 Eat [4, 3, 3, 1, 1]
2 Eat [3, 2, 2]
3 Eat [2, 1, 1]
4 Eat [1]
5 Eat [0]
Case #15: 5

Case #16:  [8, 8, 8]
1 Spe2 [8, 8, 4, 4]
2 Spe2 [8, 4, 4, 4, 4]
3 Spe2 [4, 4, 4, 4, 4, 4]
4 Eat [3, 3, 3, 3, 3, 3]
5 Eat [2, 2, 2, 2, 2, 2]
6 Eat [1, 1, 1, 1, 1, 1]
7 Eat []
Case #16: 7

Case #17:  [9, 9, 9, 9, 9, 9]
1 Eat [8, 8, 8, 8, 8, 8]
2 Eat [7, 7, 7, 7, 7, 7]
3 Eat [6, 6, 6, 6, 6, 6]
4 Eat [5, 5, 5, 5, 5, 5]
5 Eat [4, 4, 4, 4, 4, 4]
6 Eat [3, 3, 3, 3, 3, 3]
7 Eat [2, 2, 2, 2, 2, 2]
8 Eat [1, 1, 1, 1, 1, 1]
9 Eat []
Case #17: 9

Case #18:  [9, 5, 1]
1 Spe3 [6, 5, 3, 1]
2 Spe2 [5, 3, 3, 3, 1]
3 Eat [4, 2, 2, 2]
4 Spe2 [2, 2, 2, 2, 2]
5 Eat [1, 1, 1, 1, 1]
6 Eat []
Case #18: 6

Case #19:  [9, 9, 9, 9]
1 Eat [8, 8, 8, 8]
2 Eat [7, 7, 7, 7]
3 Eat [6, 6, 6, 6]
4 Eat [5, 5, 5, 5]
5 Eat [4, 4, 4, 4]
6 Eat [3, 3, 3, 3]
7 Eat [2, 2, 2, 2]
8 Eat [1, 1, 1, 1]
9 Eat []
Case #19: 9

Case #20:  [6, 6]
1 Spe2 [6, 3, 3]
2 Spe2 [3, 3, 3, 3]
3 Eat [2, 2, 2, 2]
4 Eat [1, 1, 1, 1]
5 Eat []
Case #20: 5

Case #21:  [7, 4, 3, 2, 2]
1 Spe2 [4, 4, 3, 3, 2, 2]
2 Eat [3, 3, 2, 2, 1, 1]
3 Eat [2, 2, 1, 1]
4 Eat [1, 1]
5 Eat []
Case #21: 5

Case #22:  [9, 8, 8, 7, 1]
1 Eat [8, 7, 7, 6]
2 Eat [7, 6, 6, 5]
3 Eat [6, 5, 5, 4]
4 Eat [5, 4, 4, 3]
5 Eat [4, 3, 3, 2]
6 Eat [3, 2, 2, 1]
7 Eat [2, 1, 1]
8 Eat [1]
9 Eat [0]
Case #22: 9

Case #23:  [3, 2, 2, 1, 1]
1 Eat [2, 1, 1]
2 Eat [1]
3 Eat [0]
Case #23: 3

Case #24:  [7, 7]
1 Spe2 [7, 4, 3]
2 Spe2 [4, 4, 3, 3]
3 Eat [3, 3, 2, 2]
4 Eat [2, 2, 1, 1]
5 Eat [1, 1]
6 Eat []
Case #24: 6

Case #25:  [9, 9, 9, 3, 3, 2]
1 Spe2 [9, 9, 5, 4, 3, 3, 2]
2 Spe2 [9, 5, 5, 4, 4, 3, 3, 2]
3 Spe2 [5, 5, 5, 4, 4, 4, 3, 3, 2]
4 Eat [4, 4, 4, 3, 3, 3, 2, 2, 1]
5 Eat [3, 3, 3, 2, 2, 2, 1, 1]
6 Eat [2, 2, 2, 1, 1, 1]
7 Eat [1, 1, 1]
8 Eat []
Case #25: 8

Case #26:  [1]
1 Eat [0]
Case #26: 1

Case #27:  [9, 5, 4]
1 Spe3 [6, 5, 4, 3]
2 Eat [5, 4, 3, 2]
3 Eat [4, 3, 2, 1]
4 Eat [3, 2, 1]
5 Eat [2, 1]
6 Eat [1]
7 Eat [0]
Case #27: 7

Case #28:  [9, 8, 7, 4]
1 Spe2 [8, 7, 5, 4, 4]
2 Spe2 [7, 5, 4, 4, 4, 4]
3 Eat [6, 4, 3, 3, 3, 3]
4 Spe2 [4, 3, 3, 3, 3, 3, 3]
5 Eat [3, 2, 2, 2, 2, 2, 2]
6 Eat [2, 1, 1, 1, 1, 1, 1]
7 Eat [1]
8 Eat [0]
Case #28: 8

Case #29:  [9, 5, 4, 3]
1 Spe3 [6, 5, 4, 3, 3]
2 Eat [5, 4, 3, 2, 2]
3 Eat [4, 3, 2, 1, 1]
4 Eat [3, 2, 1]
5 Eat [2, 1]
6 Eat [1]
7 Eat [0]
Case #29: 7

Case #30:  [9, 8, 3, 1]
1 Spe2 [8, 5, 4, 3, 1]
2 Spe2 [5, 4, 4, 4, 3, 1]
3 Eat [4, 3, 3, 3, 2]
4 Eat [3, 2, 2, 2, 1]
5 Eat [2, 1, 1, 1]
6 Eat [1]
7 Eat [0]
Case #30: 7

Case #31:  [5, 3, 1]
1 Eat [4, 2]
2 Spe2 [2, 2, 2]
3 Eat [1, 1, 1]
4 Eat []
Case #31: 4

Case #32:  [9, 9]
Case #32: 0
Case #33:  [5, 2, 1, 1]
1 Spe2 [3, 2, 2, 1, 1]
2 Eat [2, 1, 1]
3 Eat [1]
4 Eat [0]
Case #33: 4

Case #34:  [9, 7, 7, 7, 7, 7]
1 Eat [8, 6, 6, 6, 6, 6]
2 Eat [7, 5, 5, 5, 5, 5]
3 Eat [6, 4, 4, 4, 4, 4]
4 Eat [5, 3, 3, 3, 3, 3]
5 Eat [4, 2, 2, 2, 2, 2]
6 Spe2 [2, 2, 2, 2, 2, 2, 2]
7 Eat [1, 1, 1, 1, 1, 1, 1]
8 Eat []
Case #34: 8

Case #35:  [5, 4, 4, 4, 2]
1 Eat [4, 3, 3, 3, 1]
2 Eat [3, 2, 2, 2]
3 Eat [2, 1, 1, 1]
4 Eat [1]
5 Eat [0]
Case #35: 5

Case #36:  [5, 4, 4, 1, 1]
1 Eat [4, 3, 3]
2 Eat [3, 2, 2]
3 Eat [2, 1, 1]
4 Eat [1]
5 Eat [0]
Case #36: 5

Case #37:  [9, 9, 6, 6, 6, 6]
1 Eat [8, 8, 5, 5, 5, 5]
2 Eat [7, 7, 4, 4, 4, 4]
3 Eat [6, 6, 3, 3, 3, 3]
4 Spe2 [6, 3, 3, 3, 3, 3, 3]
5 Spe2 [3, 3, 3, 3, 3, 3, 3, 3]
6 Eat [2, 2, 2, 2, 2, 2, 2, 2]
7 Eat [1, 1, 1, 1, 1, 1, 1, 1]
8 Eat []
Case #37: 8

Case #38:  [9, 8]
1 Spe2 [8, 5, 4]
2 Spe2 [5, 4, 4, 4]
3 Eat [4, 3, 3, 3]
4 Eat [3, 2, 2, 2]
5 Eat [2, 1, 1, 1]
6 Eat [1]
7 Eat [0]
Case #38: 7

Case #39:  [8, 6, 6, 6]
1 Eat [7, 5, 5, 5]
2 Eat [6, 4, 4, 4]
3 Eat [5, 3, 3, 3]
4 Eat [4, 2, 2, 2]
5 Spe2 [2, 2, 2, 2, 2]
6 Eat [1, 1, 1, 1, 1]
7 Eat []
Case #39: 7

Case #40:  [4]
1 Spe2 [2, 2]
2 Eat [1, 1]
3 Eat []
Case #40: 3

Case #41:  [9, 8, 4, 3]
1 Spe2 [8, 5, 4, 4, 3]
2 Spe2 [5, 4, 4, 4, 4, 3]
3 Eat [4, 3, 3, 3, 3, 2]
4 Eat [3, 2, 2, 2, 2, 1]
5 Eat [2, 1, 1, 1, 1]
6 Eat [1]
7 Eat [0]
Case #41: 7

Case #42:  [3, 3, 3, 1, 1]
1 Eat [2, 2, 2]
2 Eat [1, 1, 1]
3 Eat []
Case #42: 3

Case #43:  [4, 4, 3, 3, 3]
1 Eat [3, 3, 2, 2, 2]
2 Eat [2, 2, 1, 1, 1]
3 Eat [1, 1]
4 Eat []
Case #43: 4

Case #44:  [9, 7, 3, 3]
1 Spe2 [7, 5, 4, 3, 3]
2 Eat [6, 4, 3, 2, 2]
3 Spe2 [4, 3, 3, 3, 2, 2]
4 Eat [3, 2, 2, 2, 1, 1]
5 Eat [2, 1, 1, 1]
6 Eat [1]
7 Eat [0]
Case #44: 7

Case #45:  [5, 3, 3, 3, 1]
1 Eat [4, 2, 2, 2]
2 Spe2 [2, 2, 2, 2, 2]
3 Eat [1, 1, 1, 1, 1]
4 Eat []
Case #45: 4

Case #46:  [6, 3, 3]
1 Spe2 [3, 3, 3, 3]
2 Eat [2, 2, 2, 2]
3 Eat [1, 1, 1, 1]
4 Eat []
Case #46: 4

Case #47:  [9]
1 Spe3 [6, 3]
2 Spe2 [3, 3, 3]
3 Eat [2, 2, 2]
4 Eat [1, 1, 1]
5 Eat []
Case #47: 5

Case #48:  [9, 4, 2]
1 Spe3 [6, 4, 3, 2]
2 Spe2 [4, 3, 3, 3, 2]
3 Eat [3, 2, 2, 2, 1]
4 Eat [2, 1, 1, 1]
5 Eat [1]
6 Eat [0]
Case #48: 6

Case #49:  [9, 9, 9, 5]
1 Eat [8, 8, 8, 4]
2 Spe2 [8, 8, 4, 4, 4]
3 Spe2 [8, 4, 4, 4, 4, 4]
4 Spe2 [4, 4, 4, 4, 4, 4, 4]
5 Eat [3, 3, 3, 3, 3, 3, 3]
6 Eat [2, 2, 2, 2, 2, 2, 2]
7 Eat [1, 1, 1, 1, 1, 1, 1]
8 Eat []
Case #49: 8

Case #50:  [9, 6, 4, 1]
1 Spe3 [6, 6, 4, 3, 1]
2 Eat [5, 5, 3, 2]
3 Eat [4, 4, 2, 1]
4 Eat [3, 3, 1]
5 Eat [2, 2]
6 Eat [1, 1]
7 Eat []
Case #50: 7

Case #51:  [4, 4, 2, 1, 1]
1 Eat [3, 3, 1]
2 Eat [2, 2]
3 Eat [1, 1]
4 Eat []
Case #51: 4

Case #52:  [5, 5]
1 Eat [4, 4]
2 Eat [3, 3]
3 Eat [2, 2]
4 Eat [1, 1]
5 Eat []
Case #52: 5

Case #53:  [9, 8, 3, 2]
1 Spe2 [8, 5, 4, 3, 2]
2 Spe2 [5, 4, 4, 4, 3, 2]
3 Eat [4, 3, 3, 3, 2, 1]
4 Eat [3, 2, 2, 2, 1]
5 Eat [2, 1, 1, 1]
6 Eat [1]
7 Eat [0]
Case #53: 7

Case #54:  [5, 5, 4, 4]
1 Eat [4, 4, 3, 3]
2 Eat [3, 3, 2, 2]
3 Eat [2, 2, 1, 1]
4 Eat [1, 1]
5 Eat []
Case #54: 5

Case #55:  [9, 9, 5, 5, 1, 1]
1 Eat [8, 8, 4, 4]
2 Spe2 [8, 4, 4, 4, 4]
3 Spe2 [4, 4, 4, 4, 4, 4]
4 Eat [3, 3, 3, 3, 3, 3]
5 Eat [2, 2, 2, 2, 2, 2]
6 Eat [1, 1, 1, 1, 1, 1]
7 Eat []
Case #55: 7

Case #56:  [5, 4, 3, 1, 1]
1 Eat [4, 3, 2]
2 Eat [3, 2, 1]
3 Eat [2, 1]
4 Eat [1]
5 Eat [0]
Case #56: 5

Case #57:  [9, 4]
1 Spe3 [6, 4, 3]
2 Spe2 [4, 3, 3, 3]
3 Eat [3, 2, 2, 2]
4 Eat [2, 1, 1, 1]
5 Eat [1]
6 Eat [0]
Case #57: 6

Case #58:  [8, 8, 8, 8, 8]
1 Eat [7, 7, 7, 7, 7]
2 Eat [6, 6, 6, 6, 6]
3 Eat [5, 5, 5, 5, 5]
4 Eat [4, 4, 4, 4, 4]
5 Eat [3, 3, 3, 3, 3]
6 Eat [2, 2, 2, 2, 2]
7 Eat [1, 1, 1, 1, 1]
8 Eat []
Case #58: 8

Case #59:  [6, 6, 3, 2]
1 Spe2 [6, 3, 3, 3, 2]
2 Spe2 [3, 3, 3, 3, 3, 2]
3 Eat [2, 2, 2, 2, 2, 1]
4 Eat [1, 1, 1, 1, 1]
5 Eat []
Case #59: 5

Case #60:  [9, 2, 2]
1 Spe3 [6, 3, 2, 2]
2 Spe2 [3, 3, 3, 2, 2]
3 Eat [2, 2, 2, 1, 1]
4 Eat [1, 1, 1]
5 Eat []
Case #60: 5

Case #61:  [6, 6, 3]
1 Spe2 [6, 3, 3, 3]
2 Spe2 [3, 3, 3, 3, 3]
3 Eat [2, 2, 2, 2, 2]
4 Eat [1, 1, 1, 1, 1]
5 Eat []
Case #61: 5

Case #62:  [4, 2, 2, 1]
1 Spe2 [2, 2, 2, 2, 1]
2 Eat [1, 1, 1, 1]
3 Eat []
Case #62: 3

Case #63:  [9, 6]
1 Spe3 [6, 6, 3]
2 Spe2 [6, 3, 3, 3]
3 Spe2 [3, 3, 3, 3, 3]
4 Eat [2, 2, 2, 2, 2]
5 Eat [1, 1, 1, 1, 1]
6 Eat []
Case #63: 6

Case #64:  [3, 2, 2]
1 Eat [2, 1, 1]
2 Eat [1]
3 Eat [0]
Case #64: 3

Case #65:  [8, 4]
1 Spe2 [4, 4, 4]
2 Eat [3, 3, 3]
3 Eat [2, 2, 2]
4 Eat [1, 1, 1]
5 Eat []
Case #65: 5

Case #66:  [4, 3, 1]
1 Eat [3, 2]
2 Eat [2, 1]
3 Eat [1]
4 Eat [0]
Case #66: 4

Case #67:  [6, 3, 2]
1 Spe2 [3, 3, 3, 2]
2 Eat [2, 2, 2, 1]
3 Eat [1, 1, 1]
4 Eat []
Case #67: 4

Case #68:  [9, 7, 5]
1 Spe2 [7, 5, 5, 4]
2 Eat [6, 4, 4, 3]
3 Eat [5, 3, 3, 2]
4 Eat [4, 2, 2, 1]
5 Spe2 [2, 2, 2, 2, 1]
6 Eat [1, 1, 1, 1]
7 Eat []
Case #68: 7

Case #69:  [7]
1 Spe2 [4, 3]
2 Eat [3, 2]
3 Eat [2, 1]
4 Eat [1]
5 Eat [0]
Case #69: 5

Case #70:  [6, 5, 4, 3, 2, 1]
1 Eat [5, 4, 3, 2, 1]
2 Eat [4, 3, 2, 1]
3 Eat [3, 2, 1]
4 Eat [2, 1]
5 Eat [1]
6 Eat [0]
Case #70: 6

Case #71:  [8, 7, 4, 3]
1 Spe2 [7, 4, 4, 4, 3]
2 Eat [6, 3, 3, 3, 2]
3 Spe2 [3, 3, 3, 3, 3, 2]
4 Eat [2, 2, 2, 2, 2, 1]
5 Eat [1, 1, 1, 1, 1]
6 Eat []
Case #71: 6

Case #72:  [3, 2, 1]
1 Eat [2, 1]
2 Eat [1]
3 Eat [0]
Case #72: 3

Case #73:  [6, 5, 4, 1]
1 Eat [5, 4, 3]
2 Eat [4, 3, 2]
3 Eat [3, 2, 1]
4 Eat [2, 1]
5 Eat [1]
6 Eat [0]
Case #73: 6

Case #74:  [7, 5, 1]
1 Spe2 [5, 4, 3, 1]
2 Eat [4, 3, 2]
3 Eat [3, 2, 1]
4 Eat [2, 1]
5 Eat [1]
6 Eat [0]
Case #74: 6

Case #75:  [5, 5, 4, 3, 2]
1 Eat [4, 4, 3, 2, 1]
2 Eat [3, 3, 2, 1]
3 Eat [2, 2, 1]
4 Eat [1, 1]
5 Eat []
Case #75: 5

Case #76:  [6]
1 Spe2 [3, 3]
2 Eat [2, 2]
3 Eat [1, 1]
4 Eat []
Case #76: 4

Case #77:  [8]
1 Spe2 [4, 4]
2 Eat [3, 3]
3 Eat [2, 2]
4 Eat [1, 1]
5 Eat []
Case #77: 5

Case #78:  [9, 7]
1 Spe2 [7, 5, 4]
2 Eat [6, 4, 3]
3 Spe2 [4, 3, 3, 3]
4 Eat [3, 2, 2, 2]
5 Eat [2, 1, 1, 1]
6 Eat [1]
7 Eat [0]
Case #78: 7

Case #79:  [8, 4]
1 Spe2 [4, 4, 4]
2 Eat [3, 3, 3]
3 Eat [2, 2, 2]
4 Eat [1, 1, 1]
5 Eat []
Case #79: 5

Case #80:  [4, 3, 2, 1]
1 Eat [3, 2, 1]
2 Eat [2, 1]
3 Eat [1]
4 Eat [0]
Case #80: 4

Case #81:  [7, 5, 4]
1 Eat [6, 4, 3]
2 Spe2 [4, 3, 3, 3]
3 Eat [3, 2, 2, 2]
4 Eat [2, 1, 1, 1]
5 Eat [1]
6 Eat [0]
Case #81: 6

Case #82:  [6, 5, 4]
1 Eat [5, 4, 3]
2 Eat [4, 3, 2]
3 Eat [3, 2, 1]
4 Eat [2, 1]
5 Eat [1]
6 Eat [0]
Case #82: 6

Case #83:  [8, 7, 2]
1 Spe2 [7, 4, 4, 2]
2 Eat [6, 3, 3, 1]
3 Spe2 [3, 3, 3, 3, 1]
4 Eat [2, 2, 2, 2]
5 Eat [1, 1, 1, 1]
6 Eat []
Case #83: 6

Case #84:  [9, 7, 4]
1 Spe2 [7, 5, 4, 4]
2 Eat [6, 4, 3, 3]
3 Spe2 [4, 3, 3, 3, 3]
4 Eat [3, 2, 2, 2, 2]
5 Eat [2, 1, 1, 1, 1]
6 Eat [1]
7 Eat [0]
Case #84: 7

Case #85:  [8, 8, 8, 8]
1 Eat [7, 7, 7, 7]
2 Eat [6, 6, 6, 6]
3 Eat [5, 5, 5, 5]
4 Eat [4, 4, 4, 4]
5 Eat [3, 3, 3, 3]
6 Eat [2, 2, 2, 2]
7 Eat [1, 1, 1, 1]
8 Eat []
Case #85: 8

Case #86:  [9, 9, 9]
1 Spe2 [9, 9, 5, 4]
2 Spe2 [9, 5, 5, 4, 4]
3 Spe2 [5, 5, 5, 4, 4, 4]
4 Eat [4, 4, 4, 3, 3, 3]
5 Eat [3, 3, 3, 2, 2, 2]
6 Eat [2, 2, 2, 1, 1, 1]
7 Eat [1, 1, 1]
8 Eat []
Case #86: 8

Case #87:  [9, 7, 2]
1 Spe2 [7, 5, 4, 2]
2 Eat [6, 4, 3, 1]
3 Spe2 [4, 3, 3, 3, 1]
4 Eat [3, 2, 2, 2]
5 Eat [2, 1, 1, 1]
6 Eat [1]
7 Eat [0]
Case #87: 7

Case #88:  [2, 1]
1 Eat [1]
2 Eat [0]
Case #88: 2

Case #89:  [5]
1 Spe2 [3, 2]
2 Eat [2, 1]
3 Eat [1]
4 Eat [0]
Case #89: 4

Case #90:  [8, 5, 2]
1 Spe2 [5, 4, 4, 2]
2 Eat [4, 3, 3, 1]
3 Eat [3, 2, 2]
4 Eat [2, 1, 1]
5 Eat [1]
6 Eat [0]
Case #90: 6

Case #91:  [9, 9, 6, 6, 6, 5]
1 Eat [8, 8, 5, 5, 5, 4]
2 Eat [7, 7, 4, 4, 4, 3]
3 Eat [6, 6, 3, 3, 3, 2]
4 Spe2 [6, 3, 3, 3, 3, 3, 2]
5 Spe2 [3, 3, 3, 3, 3, 3, 3, 2]
6 Eat [2, 2, 2, 2, 2, 2, 2, 1]
7 Eat [1, 1, 1, 1, 1, 1, 1]
8 Eat []
Case #91: 8

Case #92:  [9, 3, 2]
1 Spe3 [6, 3, 3, 2]
2 Spe2 [3, 3, 3, 3, 2]
3 Eat [2, 2, 2, 2, 1]
4 Eat [1, 1, 1, 1]
5 Eat []
Case #92: 5

Case #93:  [5, 4, 3, 2, 1]
1 Eat [4, 3, 2, 1]
2 Eat [3, 2, 1]
3 Eat [2, 1]
4 Eat [1]
5 Eat [0]
Case #93: 5

Case #94:  [8, 7, 6, 1]
1 Spe2 [7, 6, 4, 4, 1]
2 Eat [6, 5, 3, 3]
3 Spe2 [5, 3, 3, 3, 3]
4 Eat [4, 2, 2, 2, 2]
5 Spe2 [2, 2, 2, 2, 2, 2]
6 Eat [1, 1, 1, 1, 1, 1]
7 Eat []
Case #94: 7

Case #95:  [5, 4, 4, 2, 1]
1 Eat [4, 3, 3, 1]
2 Eat [3, 2, 2]
3 Eat [2, 1, 1]
4 Eat [1]
5 Eat [0]
Case #95: 5

Case #96:  [7, 5, 5]
1 Eat [6, 4, 4]
2 Eat [5, 3, 3]
3 Eat [4, 2, 2]
4 Spe2 [2, 2, 2, 2]
5 Eat [1, 1, 1, 1]
6 Eat []
Case #96: 6

Case #97:  [9, 9, 9, 5, 5, 5]
1 Eat [8, 8, 8, 4, 4, 4]
2 Spe2 [8, 8, 4, 4, 4, 4, 4]
3 Spe2 [8, 4, 4, 4, 4, 4, 4, 4]
4 Spe2 [4, 4, 4, 4, 4, 4, 4, 4, 4]
5 Eat [3, 3, 3, 3, 3, 3, 3, 3, 3]
6 Eat [2, 2, 2, 2, 2, 2, 2, 2, 2]
7 Eat [1, 1, 1, 1, 1, 1, 1, 1, 1]
8 Eat []
Case #97: 8

Case #98:  [9, 9, 5, 5, 5, 5]
1 Eat [8, 8, 4, 4, 4, 4]
2 Spe2 [8, 4, 4, 4, 4, 4, 4]
3 Spe2 [4, 4, 4, 4, 4, 4, 4, 4]
4 Eat [3, 3, 3, 3, 3, 3, 3, 3]
5 Eat [2, 2, 2, 2, 2, 2, 2, 2]
6 Eat [1, 1, 1, 1, 1, 1, 1, 1]
7 Eat []
Case #98: 7

Case #99:  [9, 8, 7, 7]
1 Eat [8, 7, 6, 6]
2 Eat [7, 6, 5, 5]
3 Eat [6, 5, 4, 4]
4 Eat [5, 4, 3, 3]
5 Eat [4, 3, 2, 2]
6 Eat [3, 2, 1, 1]
7 Eat [2, 1]
8 Eat [1]
9 Eat [0]
Case #99: 9

Case #100:  [9, 5, 5]
1 Spe3 [6, 5, 5, 3]
2 Eat [5, 4, 4, 2]
3 Eat [4, 3, 3, 1]
4 Eat [3, 2, 2]
5 Eat [2, 1, 1]
6 Eat [1]
7 Eat [0]
Case #100: 7

