16 190
90 187
47 140
166 6
34 83
0 28
101 40
49 106
197 183
45 11
98 120
92 98
180 193
26 108
47 40
124 165
20 170
82 26
68 177
100 179
31 74
110 51
38 86
93 174
115 113
68 155
29 124
116 36
4 13
129 3
19 193
79 117
23 138
102 63
134 146
167 62
31 8
26 133
158 60
126 33
62 161
49 95
92 146
111 136
54 163
54 69
30 74
82 48
147 73
181 150
170 79
45 117
141 96
13 40
175 150
46 187
171 79
87 99
150 159
11 6
43 63
181 120
179 194
164 23
184 8
104 113
158 35
13 160
29 150
93 14
81 103
43 153
72 147
130 35
47 78
55 17
179 158
38 61
195 23
15 158
171 27
115 190
19 93
66 41
196 63
7 118
29 185
170 17
86 197
147 18
79 132
28 61
133 98
1 16
122 150
104 104
22 86
115 165
98 87
89 198
96 8
59 94
1 188
81 69
35 28
183 136
25 27
60 23
160 140
16 149
107 104
174 89
12 114
132 64
54 55
157 46
132 22
29 49
95 106
121 169
185 161
44 39
143 75
94 85
191 175
155 111
197 197
74 113
120 159
134 8
180 153
108 8
72 197
15 9
22 123
156 174
165 112
3 32
143 156
158 44
10 0
30 2
56 159
152 91
128 106
177 2
28 115
171 182
97 66
31 179
91 58
67 72
179 23
180 75
189 182
126 193
142 184
53 1
22 132
8 81
157 84
45 32
175 154
174 127
57 50
21 130
40 123
87 198
119 81
175 31
166 195
160 51
179 197
70 183
28 19
183 150
116 193
190 20
182 144
185 178
54 125
131 17
121 108
30 168
1 5
53 72
178 6
150 45
112 34
117 68
187 182
41 185
138 148
22 148
192 33
59 64
22 89
83 125
179 166
22 58
179 74
18 89
44 100
75 130
164 132
16 191
121 55
185 159
115 58
12 124
139 52
148 113
175 104
5 80
114 139
191 62
178 157
171 49
191 121
82 198
34 199
90 107
78 121
195 126
162 61
192 188
57 0
176 183
102 115
170 50
47 106
135 66
180 162
157 62
105 22
170 36
180 53
51 42
123 22
29 144
139 8
181 49
171 151
176 113
164 39
117 88
73 11
44 87
81 87
128 75
199 192
89 85
145 196
172 126
33 185
45 85
53 16
161 41
13 149
150 121
75 160
56 171
198 177
42 124
91 178
192 53
102 120
118 34
41 102
156 186
99 55
167 170
174 59
47 125
131 109
75 118
96 156
27 135
128 197
41 196
113 30
172 173
92 179
107 172
9 190
3 89
17 12
170 111
58 124
111 64
195 194
18 182
123 25
89 95
3 23
84 57
94 151
81 113
61 130
71 79
123 152
198 106
110 123
80 45
12 15
79 96
163 11
9 165
75 51
72 105
12 1
83 102
113 91
135 10
79 2
142 0
43 152
43 68
180 122
109 137
166 199
91 53
138 41
70 94
98 64
57 161
21 75
5 5
73 34
62 33
129 90
66 128
41 58
65 141
122 120
36 94
125 192
186 153
173 70
101 83
45 87
105 40
193 48
140 11
142 41
163 136
2 158
10 68
168 103
195 161
176 104
36 81
6 152
126 99
62 198
44 2
191 65
126 183
161 118
194 17
98 157
184 90
30 144
111 133
144 42
159 27
142 59
140 173
85 92
71 164
120 134
85 26
104 162
21 18
131 65
19 78
24 39
66 70
196 104
187 46
74 130
36 100
166 151
31 44
120 65
12 155
173 6
193 173
65 62
50 82
65 32
126 191
196 5
123 176
45 36
195 0
58 1
98 57
182 198
183 174
114 100
36 154
135 160
131 111
114 74
118 51
73 9
153 163
26 83
99 132
57 13
76 71
133 40
82 111
135 42
13 179
107 37
10 114
28 84
95 127
61 136
139 100
116 27
48 125
73 8
118 138
176 153
178 145
6 21
171 95
42 98
116 125
52 177
175 162
139 161
58 135
21 137
31 132
62 134
189 115
87 160
48 120
59 192
24 100
40 146
197 3
136 47
106 81
28 2
189 155
13 23
39 29
136 161
7 162
19 161
16 151
6 194
17 161
69 15
181 30
103 29
107 58
116 149
71 31
31 181
169 193
155 150
164 196
175 1
166 144
2 135
71 157
176 157
189 181
168 58
145 168
159 24
76 199
53 142
190 102
2 152
31 91
87 101
105 72
178 7
24 41
137 171
36 29
131 50
142 198
27 133
107 156
9 123
61 120
195 111
114 28
177 121
188 175
199 34
142 67
47 84
87 30
72 10
80 147
58 16
24 94
68 93
39 172
39 168
5 72
143 74
135 82
27 168
6 198
83 55
72 47
122 55
150 132
4 199
151 125
115 4
191 24
32 113
22 65
48 101
6 90
166 54
62 100
68 162
44 154
78 15
143 161
89 37
143 167
189 24
103 152
106 133
68 30
121 42
150 178
122 60
134 18
70 45
33 136
35 92
32 60
76 153
104 139
85 195
108 74
100 87
99 44
107 126
30 52
68 125
58 188
122 88
130 20
131 33
179 34
24 76
96 152
141 53
51 60
66 155
130 73
9 85
135 96
144 103
64 131
153 23
36 101
169 112
50 68
121 135
182 193
151 94
27 53
126 190
34 33
93 43
28 184
97 96
199 158
67 183
194 59
158 124
48 27
162 149
198 55
186 126
107 178
79 176
174 190
150 21
87 177
155 117
21 127
65 75
169 70
93 3
133 131
103 137
106 105
106 119
196 103
123 71
35 63
42 51
71 29
152 144
175 68
8 130
123 95
97 147
27 93
88 111
46 99
195 71
123 10
113 147
36 105
59 172
107 32
124 25
129 0
194 84
53 104
84 5
26 159
181 156
173 161
0 14
167 152
146 179
49 61
90 139
198 54
189 176
85 157
6 180
42 2
167 53
125 6
113 63
107 82
59 126
41 145
195 117
194 8
49 46
105 120
143 181
110 26
197 149
61 100
181 197
196 149
140 113
84 148
94 73
139 12
158 107
124 30
162 115
32 191
136 114
76 26
90 70
3 0
132 41
136 6
44 113
183 140
165 190
15 84
168 190
62 2
136 192
135 152
8 188
114 99
72 154
130 99
45 105
33 132
195 131
143 33
137 21
43 25
50 197
177 167
157 150
120 83
6 115
90 191
191 84
67 115
196 9
27 92
172 82
32 37
139 123
17 3
54 191
151 3
136 27
76 187
75 29
130 111
113 172
13 92
5 118
8 161
172 43
154 166
7 109
178 9
142 30
55 74
137 187
95 9
25 93
114 19
83 188
184 88
143 104
181 126
171 12
165 5
188 129
29 80
136 62
19 1
85 177
15 88
6 170
37 122
9 40
152 192
95 74
189 116
29 135
47 192
10 172
140 172
176 176
64 144
76 36
147 130
155 76
116 5
167 17
112 74
117 16
70 49
134 160
132 151
5 66
92 185
1 126
176 151
80 90
167 35
48 82
42 130
13 89
23 149
74 39
196 69
134 7
47 73
188 7
161 171
48 85
93 20
85 28
194 12
189 185
105 125
83 20
137 20
181 174
135 191
166 167
0 25
134 106
89 26
179 78
4 59
51 115
150 158
58 108
122 53
185 0
12 194
192 191
63 40
39 2
60 20
41 93
22 117
102 51
183 149
104 71
91 68
10 41
33 152
141 153
71 159
117 1
26 88
171 177
97 169
143 133
24 134
5 197
20 45
54 135
178 53
149 7
176 79
29 31
66 45
116 156
63 129
54 32
55 107
167 184
10 76
40 5
188 147
93 141
127 150
131 62
45 121
90 157
177 50
195 88
82 19
181 41
176 164
39 113
108 196
73 35
188 149
98 97
64 173
52 176
23 172
140 88
145 14
55 144
81 123
161 8
57 194
137 188
182 164
24 26
120 197
68 199
140 125
133 160
116 158
152 163
161 99
26 96
25 189
95 105
146 15
155 70
57 87
157 155
55 160
103 101
135 198
75 58
160 93
30 90
96 33
97 8
122 4
18 63
25 119
55 7
96 73
136 60
19 186
88 148
142 139
8 3
144 190
187 9
199 121
171 128
157 166
147 48
81 59
189 187
168 17
180 67
56 153
183 35
169 114
67 195
108 186
49 160
152 62
129 107
45 177
173 152
119 122
5 42
84 117
27 34
66 44
126 137
69 169
7 147
12 36
194 57
186 109
83 182
74 53
21 52
98 50
20 141
81 170
78 138
165 54
1 123
45 65
134 161
171 94
144 77
109 190
116 192
164 190
8 129
95 36
74 9
17 101
15 61
41 18
184 152
7 54
185 153
186 44
134 136
150 136
42 22
131 186
153 42
27 74
5 35
27 101
71 108
31 169
116 83
58 110
159 124
199 196
15 145
176 53
182 183
149 35
112 53
152 73
15 11
53 114
130 188
136 149
76 182
194 179
196 75
194 110
94 29
81 151
54 138
162 155
191 66
86 130
118 121
20 183
13 9
37 65
6 38
139 158
131 120
70 12
90 198
23 0
182 15
31 118
92 88
75 198
54 86
143 83
38 156
99 122
